246.920992 245.655699   3.763554 -14.369888
251.548695 237.249534   3.303232   9.695605
256.069730 245.527700   3.495350  34.825505
250.076584 253.404270   3.722935   3.030144
258.863417 254.105218   3.354770  46.625749
266.079697 247.465812   3.020487  72.138157
263.870368 237.395846   2.937200  57.066897
257.675501 229.310901   2.849771  29.104594
241.543449 237.207412   3.361486 -32.877308
246.779449 227.495433   2.936459  -8.441233
238.381618 245.638644   3.596928 -52.831799
241.415970 253.596492   3.660158 -39.473301
230.853584 240.654946   3.314432 -71.853448
235.195429 229.155444   3.005425 -47.139133
246.300556 262.157515   3.343657 -14.261557
232.415690 251.934844   3.455106 -72.138157
256.252320 262.555405   3.151712  28.127376
236.589132 261.955610   3.305736 -51.672380
268.030592 259.481701   2.828439  71.599575
249.879428 271.960498   2.891447   1.650856
238.465468 272.147446   2.927490 -34.680618
227.450708 260.080985   3.203853 -78.547498
223.556475 250.238362   3.233522 -92.088765
219.919118 239.864414   3.060104 -93.903251
226.048937 270.486694   2.890403 -69.036295
225.130873 230.745102   2.943072 -73.780748
261.581605 271.419427   2.703880  40.077824
217.639185 261.027865   2.981066 -95.514915
213.866447 249.364601   2.986900 -105.975030
244.106369 283.681307   2.492681 -12.860940
231.134228 282.885927   2.529363 -44.845918
256.168954 282.510898   2.419318  17.852538
273.245646 270.825948   2.396143  70.007697
276.417978 249.246341   2.568336  94.521174
277.687551 236.259831   2.378887  88.748805
268.989998 225.062177   2.428206  57.334418
282.264011 261.568174   2.246209  96.927383
268.487529 283.890643   2.160920  45.757572
219.244973 280.749763   2.521949 -70.021240
237.411715 296.518408   2.101509 -23.892601
255.367956 296.336807   1.990297  11.991695
283.868390 279.669553   1.916162  78.785555
290.571342 248.511926   2.023464 111.769337
275.468404 297.510160   1.698701  48.389554
296.784271 267.870506   1.733256 106.852724
222.148825 295.914896   2.106290 -50.552740
242.800709 311.322771   1.689482  -9.464118
261.697972 313.450133   1.501748  19.125463
297.207906 291.913310   1.418883  82.639306
285.242853 316.526976   1.198724  49.144868
223.295284 314.410288   1.647137 -36.926086
209.218726 288.387031   2.231593 -76.677711
211.038317 271.480713   2.651414 -93.176282
238.146154 331.624235   1.273663 -12.833836
262.334091 336.132970   1.070030  14.984018
206.734776 304.405075   1.839979 -64.884380
314.928767 312.095270   0.879228  80.724066
316.642146 276.047358   1.196482 112.566452
308.884264 251.463982   1.483591 121.844810
295.130634 231.994671   1.769512 106.255658
290.736915 349.210600   0.690969  39.917354
214.093586 341.048392   1.126729 -35.675677
241.186415 364.298417   0.729943  -5.761527
274.550096 401.472989   0.212460  20.526780
196.762993 368.260037   0.746746 -40.252432
202.099111 323.110503   1.443137 -56.518248
202.598118 413.428293   0.279440 -22.654814
179.481750 337.064371   1.128677 -66.754776
186.580641 310.522287   1.602796 -79.020871
193.926302 292.997697   1.992915 -88.210197
164.824037 313.130366   1.404119 -91.863406
200.085911 279.308699   2.335910 -96.763207
176.600890 293.120290   1.808230 -100.525851
153.688919 368.520214   0.685002 -66.936760
185.659182 277.649221   2.154759 -108.913206
196.934438 266.885558   2.493028 -111.470695
145.481452 335.008939   1.017417 -88.097016
206.505343 259.121720   2.768431 -109.945990
140.557500 307.179680   1.289535 -106.504724
157.936884 290.497653   1.639220 -111.145296
169.237686 274.865789   1.948672 -118.073879
182.584549 262.558379   2.278368 -121.039067
347.148409 343.797065   0.103046  83.690762
131.613761 415.065738   0.267746 -55.959045
102.265057 355.006263   0.642779 -93.894537
115.055931 321.736014   0.975455 -106.581767
193.672494 254.143496   2.537674 -120.070477
138.078950 285.165770   1.476028 -119.479785
203.736323 247.802334   2.756786 -115.019656
150.519819 269.018368   1.730338 -124.943530
168.437457 257.946222   2.060967 -125.954684
336.347569 250.128832   0.895298 127.182749
344.623428 287.762288   0.671769 115.116866
182.040771 247.045144   2.312348 -124.237997
194.827935 239.951793   2.533873 -117.784782
208.135881 236.958627   2.765333 -106.330232
114.458226 293.682508   1.181600 -119.653855
315.918762 229.734852   1.257864 117.469352
337.669227 210.316682   0.742727 112.278282
283.041949 219.702542   1.936672  78.374705
255.605847 218.525061   2.495856  17.141283
240.664002 217.880983   2.597608 -22.760884
302.989009 209.251573   1.314805  90.859066
226.193376 218.497845   2.580839 -57.598177
214.714370 226.854152   2.687100 -88.047011
267.450932 210.394399   2.048466  40.215732
250.640040 206.154531   2.133627   3.199829
199.135179 225.914353   2.429882 -103.879408
283.130522 201.725650   1.581442  60.355593
380.378748 244.322599   0.187789 128.074639
312.676956 181.493866   0.846841  75.075620
234.576411 205.919704   2.213956 -30.154270
183.355443 231.528894   2.245605 -117.887717
210.144096 215.105635   2.357873 -79.802347
219.414275 205.700856   2.174020 -57.037652
264.486917 192.937969   1.635642  25.608936
168.451212 241.205051   2.063816 -126.070711
284.653671 180.507698   1.179502  46.988379
245.328538 190.455771   1.732755  -5.970231
154.023925 250.908082   1.848311 -128.291103
167.374841 225.704757   1.941278 -119.589970
196.889367 210.128801   2.102823 -89.794920
226.978657 191.989376   1.837568 -35.330479
183.560270 216.231105   2.046092 -105.500721
206.024307 196.705843   1.879683 -67.525147
124.568406 269.242591   1.409252 -127.142728
150.113034 233.923116   1.748946 -126.275964
135.385040 251.366163   1.589781 -129.260672
235.945528 172.202820   1.367823 -16.234268
259.795150 170.475516   1.204490  13.498704
167.938271 209.095961   1.761280 -107.921956
184.448381 196.560744   1.724372 -87.313067
215.069892 179.410207   1.538463 -44.875002
 80.612868 306.616652   0.836263 -119.333133
148.060142 213.919418   1.579052 -117.520629
128.532676 230.182747   1.458854 -127.056217
342.925151 151.262717   0.108234  80.155985
284.541506 147.773272   0.695908  33.977874
195.530918 178.792977   1.469103 -64.324665
215.957145 156.856955   1.122890 -33.373640
162.286610 191.652290   1.478243 -97.039331
109.958745 248.357962   1.287980 -129.964641
244.222792 142.483767   0.831422  -3.557282
189.547262 154.422696   1.061255 -55.427942
173.432445 173.281471   1.278868 -77.953059
141.070078 191.140206   1.287486 -106.122291
205.821362 123.723909   0.668154 -31.685329
123.563393 206.691546   1.270003 -118.692699
253.136482  95.261632   0.241084   6.816869
148.566794 164.670216   1.041943 -87.019998
 96.137622 271.990849   1.111773 -128.029290
101.682721 222.964397   1.153313 -126.869022
164.198746 135.294235   0.764124 -63.173372
118.989601 174.003897   0.967050 -103.278667
 77.973566 241.095702   0.982379 -130.396780
 97.524075 194.460053   0.981546 -117.663404
 64.015182 270.233415   0.859271 -129.589363
159.549527  84.767642   0.273792 -44.908823
121.395625 134.209428   0.632337 -82.951203
 42.716200 336.873684   0.502082 -113.930868
 67.371175 205.975393   0.817865 -124.849076
 82.223782 160.161538   0.677159 -106.098510
 32.580511 232.888782   0.647721 -130.605819
 29.539825 285.206168   0.616306 -128.346423
 58.277582 400.844168   0.240702 -84.594871
 33.585142 172.990911   0.513467 -117.791088
