247.019974 245.518289   3.833526 -17.859959
244.302851 236.766291   3.547201 -27.982687
238.166004 242.879732   3.675967 -70.344692
252.606768 238.579693   3.512288  17.077783
255.894255 246.929017   3.619005  37.681999
249.634674 253.242462   3.809436   3.262400
240.965750 251.504841   3.794604 -60.284018
258.271725 256.010790   3.468255  46.737456
262.126959 239.344551   3.255649  59.073903
265.438656 248.780129   3.208817  74.822181
250.824754 261.929586   3.491450   7.765316
242.420586 259.944671   3.615061 -41.367878
267.683190 259.381418   3.052701  76.536231
259.576389 266.592183   3.166517  43.343770
272.691075 240.519524   2.878226  88.590055
276.078913 251.387586   2.771803  97.787509
257.421997 230.539603   3.167422  34.095807
267.606937 230.336377   2.899537  66.947963
247.956364 228.279019   3.243751  -5.927616
269.175024 271.010185   2.806404  68.655960
278.909025 263.071392   2.620604  96.149776
251.037149 271.162300   3.190749   6.422792
242.087898 268.966044   3.334562 -33.526236
234.029372 257.271062   3.594779 -88.964338
231.634038 249.017967   3.623889 -105.105765
233.423231 265.783522   3.393086 -76.583132
236.727286 231.737732   3.369611 -60.105641
258.201659 278.579774   2.860939  29.798048
244.849494 279.151492   2.998764 -16.736065
229.184106 240.322297   3.497618 -106.450985
233.715189 276.006964   3.115343 -60.158473
225.620463 255.207488   3.484985 -122.977677
224.522396 263.593209   3.346011 -113.005930
221.707121 247.395340   3.435775 -136.182785
224.030676 273.120401   3.136195 -96.802915
271.793568 282.456666   2.503681  62.406853
261.546946 289.142708   2.541487  33.109905
236.176359 287.311669   2.803140 -39.700739
249.234312 289.217842   2.684147   1.248276
282.486878 275.055092   2.370193  89.400145
288.667817 253.473614   2.345874 113.004744
284.720175 240.873791   2.455523 107.207366
279.675075 229.772012   2.528926  91.536516
292.231837 265.691527   2.191569 109.623200
285.824071 289.120829   2.084071  79.421667
272.512618 296.678311   2.196666  51.103093
257.301451 300.539789   2.317914  18.470205
241.479301 299.516502   2.467362 -18.712554
297.940462 278.489139   1.938571 103.202733
224.094290 284.411925   2.864221 -78.168425
298.627803 243.496263   2.043946 119.011366
305.856307 259.347212   1.837507 121.149362
286.424399 306.231466   1.804329  65.267029
303.004438 296.087465   1.654974  91.548748
268.940489 311.863568   1.949642  35.976308
315.891856 278.224759   1.539640 114.696303
250.287483 311.905749   2.124446   2.674327
295.767420 227.703206   2.040091 107.877903
226.897315 297.205804   2.555802 -55.991335
283.517425 326.521731   1.536355  49.192261
303.954358 318.278388   1.389591  75.336191
261.182945 326.758430   1.745757  18.759662
241.813660 323.915963   1.930122 -12.007795
232.200028 310.446514   2.247315 -34.241765
324.393642 302.200049   1.246896 102.168444
325.901652 257.590217   1.399650 126.520987
340.774957 281.941550   1.084301 120.219502
313.789280 239.098994   1.652893 123.681803
303.900663 347.272076   1.063654  59.832815
273.878466 346.235657   1.339652  30.107819
327.235265 328.782064   1.015533  86.536714
357.506971 313.942441   0.746819 108.848468
350.212194 253.713739   0.992925 128.964898
334.360546 231.411354   1.227868 125.218991
312.065544 218.413060   1.605009 111.438092
284.250263 217.778670   2.242552  85.108915
270.901768 219.589372   2.587058  63.249771
257.613684 220.801849   2.886383  28.220628
251.688205 343.281179   1.534310   3.191703
406.360408 328.939051   0.250336 116.965601
345.428465 357.734956   0.638743  83.307784
284.830831 370.426242   0.988227  34.765799
375.898220 275.950261   0.650162 126.925847
368.902518 224.678442   0.706211 127.012158
335.212140 205.443253   1.119687 112.624232
370.642970 412.211882   0.192795  82.833257
419.291529 248.814725   0.263361 130.481915
407.513007 174.970124   0.256470 118.389037
359.944692 184.092120   0.725278 109.273504
312.075098 197.100270   1.438070  94.459123
293.791448 206.699102   1.877025  86.310766
312.751704 392.113538   0.629603  50.499982
256.047470 367.787588   1.174436   7.282872
278.414026 446.818137   0.404400  22.032479
265.017533 398.623409   0.809373  14.247903
234.304545 337.637841   1.714345 -21.509680
233.851777 357.899774   1.394138 -17.548712
229.211329 385.310078   1.051770 -18.243843
229.974863 420.880999   0.719560 -12.422089
223.414907 323.171362   2.005160 -43.956139
218.450217 340.819518   1.694742 -42.161778
212.177257 360.737434   1.402773 -41.559294
214.861626 308.567558   2.288346 -69.971067
214.378140 292.965308   2.627047 -89.412745
201.998441 342.588837   1.671946 -62.572488
323.856778 174.985613   1.075772  87.199934
207.127160 324.922026   1.971344 -68.385380
275.552088 206.160753   2.215317  59.943709
213.798790 278.502497   2.931663 -113.972975
262.489005 210.229221   2.529666  35.728391
294.643604 187.346925   1.608968  71.365400
200.653475 379.961673   1.170565 -46.665751
215.059473 266.883555   3.163858 -132.599379
204.684377 286.395894   2.702767 -118.561203
201.993938 301.052442   2.403631 -101.746403
216.457103 256.446643   3.319062 -144.925269
277.565903 192.021162   1.922748  52.096209
250.563437 211.023051   2.701252   4.206650
195.608955 314.753395   2.130867 -94.674496
243.349942 220.201829   3.012171 -22.095958
188.137410 355.220726   1.479107 -70.645293
204.505145 271.067375   2.965594 -144.757068
189.200013 331.715548   1.829460 -86.165317
260.545164 197.563733   2.251477  24.504664
226.586926 230.951893   3.278409 -97.574374
191.209698 407.968253   0.891750 -45.222637
207.313148 259.488221   3.141938 -158.039075
232.787009 221.366877   3.073044 -60.522457
211.943216 247.899668   3.268629 -156.499040
196.222368 459.109663   0.490883 -30.568195
192.086076 292.013722   2.503368 -129.427633
196.397551 280.153295   2.734682 -142.083865
184.893866 304.037101   2.255080 -121.769356
218.696474 238.681345   3.314483 -134.961561
177.425675 318.490434   1.989259 -113.423746
192.827170 270.161955   2.827555 -161.442589
196.934878 260.475525   2.977397 -169.645434
174.983044 378.050409   1.193204 -70.479258
202.819814 250.174999   3.113447 -168.881318
238.189728 209.484634   2.739620 -32.555636
208.248577 238.752214   3.153223 -155.677008
184.658255 281.329616   2.587734 -154.356394
171.713680 336.122340   1.708241 -102.154464
217.211763 228.797545   3.136195 -121.085625
222.340498 219.494860   2.974159 -90.794479
167.323741 355.061441   1.453017 -91.218990
176.728243 292.085414   2.369972 -146.625288
246.688755 198.860494   2.421926  -6.128488
297.985097 167.667574   1.321522  61.857431
263.018810 182.881519   1.925449  24.203416
168.259586 304.873793   2.126519 -137.834457
191.655339 250.636635   2.927852 -178.601465
181.862262 270.626067   2.680050 -170.658902
184.171900 260.112087   2.789336 -179.452623
227.370008 208.961046   2.732505 -62.043511
207.039960 229.051493   3.018862 -142.892213
197.571938 241.416844   3.004201 -171.366423
277.826809 173.435617   1.615253  42.280638
346.707697 143.976233   0.639695  84.747234
247.453442 183.532381   2.067350  -2.909425
210.456791 219.085962   2.878563 -118.665615
233.946175 195.386871   2.391548 -34.772578
215.652517 208.744324   2.696381 -90.492661
171.716730 278.979065   2.473731 -167.561578
196.724155 231.882394   2.910646 -161.751128
158.561449 320.673325   1.853605 -128.958258
185.876673 239.988869   2.821644 -179.072249
161.488202 289.594596   2.251984 -161.707812
197.193333 220.788589   2.771442 -144.314713
171.096206 265.729785   2.573088 -181.347551
179.944556 249.927281   2.754022 -184.945170
221.242440 197.256543   2.457672 -64.228416
307.017531 144.622399   0.985212  59.311059
258.567148 165.502821   1.646351  13.427627
232.375998 180.929805   2.085460 -30.390541
276.419766 151.459587   1.306890  32.869937
203.345495 209.207520   2.628853 -115.445140
375.113842  92.646722   0.185264  84.957242
208.289150 197.144051   2.419292 -89.591915
217.712994 183.777917   2.164616 -58.997501
240.117013 164.842840   1.746750 -13.483864
186.076358 228.796017   2.734574 -167.944938
191.128923 210.096126   2.544722 -135.051896
311.960334 107.434252   0.644195  50.899998
222.300296 168.394417   1.867835 -41.773866
194.621726 197.845517   2.362307 -112.571487
169.806913 253.617573   2.603738 -187.974135
173.312363 239.774851   2.639685 -184.941673
276.456253 125.007663   0.991001  26.888250
202.971206 184.054938   2.150406 -82.994954
249.319186 143.617165   1.362416   0.615716
182.355343 217.561813   2.563497 -155.789550
158.430108 275.471267   2.350639 -177.957533
174.501189 227.576638   2.578036 -174.496680
152.546813 301.703178   2.040362 -153.477041
178.772000 203.568892   2.337661 -140.027455
158.563929 260.794695   2.438078 -188.318772
224.639885 149.717064   1.548048 -30.654861
160.858691 244.687069   2.481538 -189.945776
206.498123 165.125587   1.810750 -62.535178
162.726552 230.524323   2.450837 -182.434445
169.097246 216.006410   2.405051 -164.588031
184.901212 188.723832   2.156639 -114.421430
150.997931 339.978609   1.578664 -116.769447
192.250955 174.703548   1.958798 -89.799063
145.999508 268.049093   2.252136 -186.949838
148.695059 251.314206   2.327582 -192.028550
141.846626 314.968586   1.814489 -147.030502
149.080906 366.407579   1.275818 -98.974985
245.418430 117.178124   1.053161  -3.500380
169.083252 190.563777   2.081800 -133.013650
144.589948 284.906355   2.126890 -174.664513
136.307784 299.457651   1.928442 -164.519509
150.425270 235.512714   2.324284 -188.635771
162.045061 204.425676   2.204065 -155.109121
155.097673 219.307418   2.281628 -175.311871
221.733836 126.989772   1.242661 -28.099855
187.281549 158.334154   1.689423 -81.498925
176.176357 174.792349   1.897797 -108.494448
202.281211 143.483088   1.480443 -55.226498
133.098421 329.573073   1.610372 -138.506637
131.005336 273.905980   2.058120 -186.340782
135.021198 257.407550   2.157703 -192.673978
137.594298 241.223122   2.186967 -192.367900
130.537665 350.887869   1.381679 -123.028862
152.456863 395.312304   0.998417 -80.543043
141.006659 224.211712   2.160185 -183.690491
151.775809 191.363120   1.969551 -147.704913
145.837941 207.291259   2.084331 -167.563535
120.997745 311.804234   1.695358 -160.335215
124.427133 289.703606   1.896411 -177.123794
262.245465  88.693626   0.723864  10.807614
167.532124 157.624440   1.624136 -101.431180
158.594039 175.765795   1.822226 -126.463005
119.176857 261.954977   1.976480 -192.775158
126.175675 229.680183   2.025812 -189.457898
195.581288 117.407129   1.145418 -50.599139
177.455990 138.695512   1.402696 -78.540046
122.951526 245.921092   2.026869 -194.035388
129.647330 211.841097   1.965291 -177.491265
156.748812 429.707108   0.721801 -62.984707
111.908209 276.511430   1.851270 -187.788912
124.709284 377.977483   1.105180 -108.911680
111.601473 333.699049   1.446709 -147.507767
133.926529 193.952270   1.857517 -160.442087
218.372234  92.776160   0.865281 -24.341287
138.902100 176.564941   1.717377 -141.581203
106.850264 297.796484   1.693191 -175.873574
107.326546 252.296744   1.867859 -194.737728
148.652438 159.921929   1.583253 -119.609578
296.080893  52.480743   0.370604  31.679730
113.321005 217.636673   1.844471 -185.083803
167.401537 116.221522   1.136661 -74.673641
109.405404 235.333901   1.871928 -192.963044
115.972536 197.858639   1.746879 -170.836039
 95.170099 264.086115   1.733723 -193.570086
118.416601 178.222908   1.601273 -154.357770
177.102241  85.016457   0.835520 -53.977553
106.965647 356.491315   1.235939 -133.193544
 95.279414 282.646852   1.677864 -186.888076
 96.483236 318.674622   1.475038 -164.317648
224.011759  47.353106   0.492078 -12.725685
149.698807 138.543797   1.342169 -102.489055
128.719215 157.217502   1.460486 -131.534666
 99.545517 205.068996   1.658702 -180.096066
 94.834258 224.109678   1.703319 -190.249570
 95.178625 184.617636   1.495883 -167.888076
 91.825020 243.786237   1.716361 -195.100416
139.981585 110.881211   1.042479 -92.794041
 84.350233 299.318502   1.512058 -179.938748
104.605961 159.745434   1.364700 -146.323811
120.502076 134.838320   1.216572 -119.980831
 82.770017 345.705650   1.201299 -151.028875
164.428270  39.962750   0.517489 -49.664987
 81.022424 208.170252   1.527139 -184.989643
 78.097102 164.781206   1.260472 -160.303217
 75.417959 255.083192   1.568858 -195.512650
 75.536603 231.353071   1.556255 -193.668058
 77.148921 276.833048   1.546454 -191.027296
 68.701654 189.311682   1.349819 -177.271190
 70.671514 320.088762   1.306816 -171.030111
117.995152 410.070344   0.834237 -95.179651
 61.666722 294.278192   1.371074 -185.871551
 89.322682 137.300666   1.121617 -138.001397
131.139817  78.286852   0.771313 -82.555710
104.300081 108.395235   0.951009 -113.100975
 59.652863 215.027853   1.391761 -189.963841
 92.289461 380.132998   0.997111 -125.175798
 56.680437 242.239773   1.418403 -195.835325
 57.053706 268.273719   1.408847 -194.311131
 47.669562 170.109502   1.130960 -171.348105
 50.703611 342.839326   1.072520 -163.309222
 41.533383 197.240853   1.212981 -185.026529
 43.119819 313.048778   1.178408 -180.081970
 57.338997 144.302378   1.037751 -154.742767
 37.620123 226.068797   1.263074 -194.117649
 63.317370 115.055397   0.886415 -136.321194
 38.082430 283.966779   1.243887 -191.494114
 36.326721 255.004261   1.273459 -196.279977
116.057620 459.455235   0.508895 -76.548243
 76.105469 415.958921   0.719030 -113.926061
 59.196802 375.519247   0.915195 -142.358322
 17.518709 331.572520   0.970714 -175.810588
 16.700081 175.741766   0.996716 -179.488707
 14.678555 208.146974   1.083243 -190.994392
 13.677601 269.712956   1.114259 -195.418750
 15.048212 300.265886   1.063176 -188.153772
 78.268845  79.970090   0.711630 -112.098492
103.020500  37.504448   0.500306 -82.936492
 13.671665 239.102837   1.123429 -196.475982
 22.022152 139.953292   0.869643 -162.240509
 25.783560  97.416035   0.686828 -140.439566
 20.727882 365.592964   0.838617 -159.357429
 26.397096 406.221674   0.667920 -138.183597
 41.675549 457.799699   0.461880 -111.081323
