246.823275 246.471442   3.818738 -19.896009
248.673342 237.068385   3.500075  -2.946402
254.840739 243.871248   3.695279  30.874560
257.752399 234.621373   3.364528  37.923637
263.563709 242.283298   3.477289  65.453929
251.138204 227.170800   3.157115   6.500956
267.404997 233.352105   3.192949  68.741010
261.074739 224.759883   3.025442  41.575617
241.427679 230.115286   3.218551 -37.152233
253.253743 216.142503   2.806589  11.786201
242.863821 219.583230   2.900150 -23.616486
239.875871 240.016144   3.514099 -56.688376
264.635166 214.029016   2.694802  42.692422
271.894015 223.847714   2.884843  69.760081
243.662782 207.111360   2.539571 -16.364143
256.952268 204.204265   2.465271  18.694607
232.196926 224.168851   2.951429 -67.566029
232.577536 212.351438   2.637882 -51.040457
232.015156 234.602441   3.234913 -85.328844
276.820569 213.250263   2.569207  67.924716
270.409631 201.959993   2.353278  46.459563
246.986140 194.206796   2.232579  -5.239471
230.954745 197.188262   2.247344 -43.349365
261.832888 190.238672   2.119849  24.093354
221.286386 217.693444   2.658308 -91.070583
221.179950 205.600080   2.384969 -73.685548
236.626172 183.905929   1.988169 -24.339625
222.378710 229.428473   2.945583 -108.168465
251.240662 178.024097   1.874743   2.656386
277.488245 188.425941   2.018290  49.187577
284.604048 201.984245   2.244569  69.760147
283.450603 224.089131   2.722169  90.469415
268.622348 173.940592   1.769551  29.376888
277.766171 233.719960   3.013407  91.686436
290.666403 214.167146   2.426847  89.225234
293.865185 189.492859   1.929694  71.084846
272.961001 242.286479   3.254065  89.695078
236.124283 166.999410   1.661419 -20.288459
287.704139 172.822757   1.673743  53.338703
255.490584 158.972737   1.529059   8.037880
221.779750 180.349079   1.854988 -49.628889
212.929379 193.794801   2.071846 -77.339847
277.573967 154.681435   1.423403  34.116038
300.272037 203.961110   2.125852  89.764976
296.195680 226.737385   2.556080 107.172471
307.571208 176.430011   1.614315  75.131292
288.617220 235.515281   2.818389 107.524062
305.378792 217.332235   2.272161 105.833091
311.207871 192.764046   1.831599  89.951262
301.518989 155.333919   1.346856  58.184887
261.983113 135.648612   1.184608  13.411135
236.575794 146.105587   1.327971 -15.700074
216.879523 160.463680   1.498170 -45.906816
290.370641 131.180326   1.080347  39.522825
317.251871 206.766942   1.966529 104.392368
324.842632 163.754279   1.333192  80.294452
328.796264 187.118235   1.587538  97.220205
309.756088 230.713013   2.362002 118.156491
320.655188 221.907948   2.101960 116.798872
300.003164 239.620143   2.624319 118.210913
282.659582 244.152995   3.036963 105.979227
319.291804 133.597632   1.013582  62.316941
273.195299 105.045999   0.837443  20.053683
238.556205 119.488865   0.992008 -10.570561
212.128163 136.210697   1.151090 -41.429730
203.732948 176.809028   1.700005 -75.771324
311.758801  97.422520   0.701904  45.494680
349.485222 171.867445   1.255567  98.197773
343.848889 146.090977   1.047009  82.506691
334.215589 206.965571   1.760280 112.563269
350.871510 194.287034   1.459515 110.674527
352.803385 112.993602   0.726126  73.369700
243.025934  84.662624   0.671962  -4.487151
282.359253  52.152186   0.413107  19.783989
206.879562 103.681667   0.799418 -36.661251
193.930790 156.995204   1.355398 -73.090943
356.007395  60.342193   0.376475  58.332153
372.647926 149.193520   0.914567  96.341560
377.001903 179.813788   1.115127 111.138552
399.957328 118.393157   0.597633  93.457695
371.671128 203.750247   1.327038 119.938394
353.331661 216.432305   1.608853 122.112028
406.788720 163.065693   0.811263 111.054093
335.657064 223.752891   1.897134 122.115136
207.657842  51.704761   0.412085 -25.648927
182.512928 132.366902   1.017283 -70.048755
167.491890  98.739409   0.675624 -66.329144
183.658970 177.780768   1.578253 -103.191914
196.660630 193.542948   1.921872 -104.188487
168.371660 159.741346   1.250575 -102.577382
208.447633 209.255690   2.320488 -106.382504
149.554668 137.386720   0.932676 -101.412888
438.793078  74.643308   0.287005  89.439510
457.167547 146.964820   0.495054 114.519371
400.530494 203.110759   1.058508 123.457238
380.412893 223.608537   1.336578 127.105159
362.455330 233.391766   1.579997 128.195580
325.718394 237.824365   2.131769 125.691760
344.490540 236.679987   1.831032 127.615328
432.060284 188.645280   0.782478 122.645058
311.996613 243.250534   2.404405 124.056916
336.818537 251.700639   1.970476 128.282145
292.627558 247.497652   2.821738 115.747040
378.126454 247.772731   1.408083 130.026070
355.910706 251.713038   1.690906 129.399694
304.839931 253.416570   2.551590 122.006957
320.738550 253.541083   2.239120 126.292105
402.634885 236.433102   1.143119 130.041751
275.666587 251.949929   3.226174  97.031084
284.773704 254.993021   2.986377 108.299637
294.328564 258.217807   2.751277 115.293702
266.566944 250.567706   3.474396  77.604059
330.229816 267.216826   2.026891 124.304474
301.074571 266.524956   2.540336 114.830740
314.000882 265.436006   2.313356 121.332871
258.659483 250.985459   3.682660  50.957047
394.619234 265.675073   1.215290 129.462848
346.481461 268.034236   1.787092 126.443374
277.228661 262.662074   3.063513  93.081881
471.174298 205.209848   0.601530 128.255147
368.104656 268.112623   1.501943 128.036349
432.574892 225.700712   0.876580 129.771394
287.472897 266.382587   2.802466 104.237183
268.258159 258.857308   3.326232  77.733051
251.599060 253.594748   3.800229  15.091709
320.339701 277.962607   2.099285 116.318362
259.488446 260.586869   3.454701  48.160645
305.999622 278.218009   2.313161 109.094192
238.612440 249.343186   3.643593 -74.211208
212.003512 225.034909   2.680649 -126.057744
292.217633 276.398495   2.558738  99.760059
230.861013 244.116952   3.392435 -105.839636
424.406499 260.258901   0.959070 130.675603
278.527211 273.933582   2.817495  83.971327
267.958208 268.583562   3.105645  67.130769
244.029491 256.295743   3.656320 -36.204810
353.128217 284.876781   1.596189 121.150100
222.920844 239.279349   3.142048 -125.385758
192.409352 208.462927   2.126098 -131.063511
201.269444 220.103087   2.435070 -137.362676
251.000123 263.602746   3.434847   7.665227
333.088715 286.535815   1.831337 115.304686
313.429658 291.086406   2.026800 103.415501
378.533899 287.276103   1.302098 123.648872
229.517283 252.513782   3.384356 -112.049391
213.054955 237.705693   2.904862 -145.976885
235.206168 259.204448   3.412198 -80.543018
296.502692 289.209278   2.267933  91.436498
241.983526 266.559715   3.292605 -36.621932
219.860886 248.284258   3.137434 -141.033751
268.531501 280.134982   2.788691  56.594545
258.446424 272.186905   3.106976  34.526966
281.987609 285.488099   2.517604  76.980120
178.692080 196.632952   1.795032 -130.985075
201.636490 232.819019   2.616213 -157.065756
248.689883 274.991750   3.053782  -2.088415
189.253239 223.679481   2.286570 -158.137399
223.526572 260.063862   3.146894 -123.502180
362.979046 302.824811   1.363588 115.004820
231.825544 268.674814   3.117840 -78.293302
257.531938 284.583379   2.735082  24.356882
341.514772 304.667119   1.551940 107.415547
321.685159 305.287593   1.746118  97.334147
302.426766 303.527044   1.956573  84.505314
204.780961 245.285740   2.774481 -165.632347
285.151574 299.296126   2.192197  68.611448
238.295258 277.705289   2.924005 -41.505031
270.160659 292.614051   2.458165  49.165218
213.187206 255.257453   2.960814 -153.047350
176.475980 214.158580   1.988341 -156.565326
162.183668 183.719520   1.479717 -131.465886
245.949175 287.336141   2.674418 -10.580514
221.656890 270.153653   2.921847 -109.095928
190.274319 237.820762   2.435198 -174.240007
404.706321 292.807678   1.043419 124.541389
202.619437 256.752956   2.713903 -166.533965
227.447022 280.286374   2.753173 -75.009560
257.379081 297.950490   2.383119  18.694607
467.241094 255.980110   0.658153 131.324263
289.006091 315.067505   1.860127  61.525203
271.741112 306.985678   2.119234  42.479596
384.760984 316.112303   1.080650 114.046646
210.358264 266.700265   2.767515 -142.578379
308.267473 320.980948   1.634115  76.828515
330.662420 324.864692   1.418733  89.874833
355.969509 324.831965   1.229151 101.971070
435.544947 291.817094   0.820418 127.125440
243.839694 301.075147   2.311032 -13.216643
192.236942 250.717398   2.520286 -177.973663
215.235653 279.349022   2.625246 -109.396775
233.682032 290.893154   2.530269 -44.453525
176.389152 230.891782   2.145243 -176.760874
160.856779 204.093117   1.686146 -155.584716
256.844959 313.120562   2.033298  13.797981
195.531968 265.545384   2.502972 -165.200815
273.093103 324.069155   1.772333  35.936498
178.404292 246.556960   2.251453 -185.175155
201.833102 277.219164   2.464523 -139.114097
220.084503 292.951998   2.379282 -77.250862
207.445779 289.256641   2.329415 -109.357330
161.034469 223.360224   1.855729 -176.730811
229.628463 305.678410   2.159125 -42.982374
291.379450 335.213299   1.513759  52.482369
240.581974 317.150801   1.942499 -16.314095
182.383305 261.556462   2.288307 -179.206343
142.220556 169.980353   1.184771 -133.051148
162.880881 240.609426   1.970500 -188.318772
314.006226 342.725337   1.302103  68.935177
342.682667 349.282244   1.080135  83.543977
376.068550 347.785377   0.911171  98.506479
255.778022 331.141545   1.675983   9.243469
187.315887 276.625282   2.242974 -158.093676
215.694785 307.925965   2.029392 -68.975533
140.378310 195.805409   1.396210 -158.904055
193.332682 290.132717   2.139871 -130.378241
203.168419 301.902228   2.049712 -98.057142
271.469647 346.229678   1.406700  26.671688
416.890765 330.420512   0.781191 115.003588
221.384936 324.472897   1.746140 -46.843871
172.301320 274.537881   2.030461 -172.110083
166.961976 257.818956   2.041140 -187.605902
144.691687 215.565254   1.592433 -175.732098
237.548063 334.373776   1.617173 -17.627086
143.109460 234.781438   1.663823 -189.523682
292.690949 361.201557   1.154819  43.142330
149.659396 252.249422   1.786477 -191.817155
178.054543 290.858685   1.937626 -146.889050
202.491173 319.248652   1.740311 -80.321509
320.011016 369.013342   0.985378  61.183436
187.889607 306.630354   1.826593 -114.500637
248.354157 353.121570   1.326354  -1.583706
155.518325 271.126351   1.809165 -182.558767
469.455012 307.732858   0.586347 126.032346
351.067562 385.345637   0.734184  72.686499
399.353508 378.887818   0.608180  93.636187
266.903364 374.518992   1.033949  17.289746
222.596383 348.631351   1.356851 -34.233058
160.922592 289.539662   1.738929 -162.081060
183.221689 326.347625   1.506203 -98.395367
169.704131 308.535090   1.627237 -132.330466
201.530623 339.771260   1.416328 -65.561778
124.992624 248.422598   1.453310 -193.749561
137.553852 265.425133   1.595863 -189.769083
232.025211 375.842840   1.023240 -17.529897
301.020871 398.613797   0.741407  39.931290
123.637597 219.704579   1.372474 -184.343438
116.984073 189.206528   1.139074 -163.481442
117.623908 154.118777   0.904830 -134.968880
140.831970 285.653590   1.531624 -175.362188
149.217339 306.259278   1.455503 -151.014881
200.696921 366.916840   1.067377 -52.248936
160.326253 329.517447   1.311440 -118.373791
353.849124 435.999224   0.385366  57.986837
175.012097 351.594967   1.144265 -86.824430
103.428013 236.642043   1.215191 -193.561488
252.890905 407.027960   0.724069   2.474152
457.404357 359.627708   0.473086 112.632207
435.953963 427.251559   0.282918  88.732999
204.713474 402.954462   0.721808 -37.507507
118.876769 275.068963   1.342839 -187.489403
286.014430 448.405342   0.410499  21.875320
124.415385 301.451187   1.261214 -167.387695
136.344355 325.015984   1.181171 -140.298682
139.548166 354.313772   0.942697 -114.799374
166.885721 384.995436   0.793379 -73.652617
 95.956013 210.237956   1.067448 -183.700841
 96.895997 262.190995   1.143617 -194.001468
121.686933 109.858970   0.622714 -103.665553
 87.219302 174.014032   0.841894 -162.971846
 97.895199 294.347265   1.064758 -180.147490
 70.674675 238.063827   0.920850 -195.075425
219.651830 449.788600   0.411192 -18.774633
109.216958 327.873069   0.969057 -152.718176
153.268322 439.182136   0.379761 -63.217511
123.585539 392.466966   0.610190 -100.821894
 64.459486 199.812174   0.803939 -182.688147
 67.518036 277.643761   0.875602 -191.386368
 82.717763 133.142764   0.618181 -138.045834
138.518864  54.023147   0.355216 -69.791439
 73.230134 319.231658   0.784913 -170.425435
 30.301253 255.684767   0.653068 -196.167110
 37.652979 155.757889   0.502428 -164.635537
 92.867852 360.735174   0.679949 -136.252269
 28.369072 210.413588   0.611205 -190.615780
 30.640756 303.190277   0.595254 -185.433409
 66.949741 422.059139   0.290659 -113.094901
 38.990223 357.149293   0.474239 -157.586692
